[gd_scene load_steps=16 format=3 uid="uid://cphnk8wop57wf"]

[ext_resource type="PackedScene" uid="uid://ctagiqvxpyja5" path="res://assets/models/props/godot_plush/godot_plush.glb" id="1_ugwsr"]
[ext_resource type="AudioStream" uid="uid://b0wrerplp2rfp" path="res://assets/sounds/physics/plush/plush_impact_soft_1.wav" id="2_cq0ir"]
[ext_resource type="Script" path="res://scripts/components/InteractableComponent.gd" id="2_fy3vv"]
[ext_resource type="Script" path="res://scripts/MaterialProperties.gd" id="2_ryksq"]
[ext_resource type="AudioStream" uid="uid://bggbg262o7iel" path="res://assets/sounds/physics/plush/plush_impact_hard_1.wav" id="2_u7w7u"]
[ext_resource type="AudioStream" uid="uid://c76su680tp8gd" path="res://assets/sounds/physics/plush/plush_impact_soft_2.wav" id="3_3h5op"]
[ext_resource type="Script" path="res://addons/jigglebones/jigglebone.gd" id="3_n520j"]
[ext_resource type="AudioStream" uid="uid://dmq0ijnmex1k1" path="res://assets/sounds/physics/plush/plush_impact_hard_2.wav" id="3_nwjf0"]
[ext_resource type="AudioStream" uid="uid://i6wvyabxg6nq" path="res://assets/sounds/physics/plush/plush_impact_soft_3.wav" id="4_hdhnn"]

[sub_resource type="AudioStreamRandomizer" id="AudioStreamRandomizer_hae16"]
random_pitch = 1.2
streams_count = 2
stream_0/stream = ExtResource("2_u7w7u")
stream_1/stream = ExtResource("3_nwjf0")

[sub_resource type="AudioStreamRandomizer" id="AudioStreamRandomizer_y7aub"]
random_pitch = 1.4
streams_count = 3
stream_0/stream = ExtResource("2_cq0ir")
stream_1/stream = ExtResource("3_3h5op")
stream_2/stream = ExtResource("4_hdhnn")

[sub_resource type="PhysicsMaterial" id="PhysicsMaterial_35m1x"]
bounce = 0.2
script = ExtResource("2_ryksq")
DISABLE_COLLISIONS = false
SFX_IMPACT_SOFT = SubResource("AudioStreamRandomizer_y7aub")
SFX_IMPACT_HARD = SubResource("AudioStreamRandomizer_hae16")
REVERB_CONTRIBUTION = 1.0
DAMPING = 0.5
OCCLUSION = 1.0

[sub_resource type="ConvexPolygonShape3D" id="ConvexPolygonShape3D_pcoww"]
points = PackedVector3Array(0.0469356, 0.22522, 0.242587, -0.153056, 0.0484139, -0.298509, -0.164327, 0.0373111, -0.285841, 0.355516, 0.0117075, 0.0316447, 0.135687, 0.483402, 0.0217664, -0.380512, 0.0584537, 0.0437323, -0.246746, 0.397011, -0.00290968, 0.147152, 0.157882, -0.276609, -0.127786, 0.457732, 0.123492, -0.0349068, 0.00386965, 0.100548, 0.394946, 0.100837, 0.0217108, 0.117426, 0.00196214, -0.27421, -0.135112, 0.16963, -0.275294, 0.127765, 0.457739, 0.123497, -0.394971, 0.100887, -0.0398682, -0.32649, 0.00369498, -0.00427172, -0.0814813, 0.120523, 0.216867, 0.246875, 0.397011, -0.00296526, -0.0929381, 0.283362, 0.22792, 0.394946, 0.100837, -0.0399238, -0.135712, 0.483402, 0.0217664, -0.256034, 0.353333, 0.0887704, 0.0332276, 0.403674, -0.0830177, 0.0816813, 0.096851, 0.205873, 0.243855, 0.35308, 0.100114, 0.0812683, 0.306624, 0.227915, 0.363489, 0.0609935, 0.0661946, 0.153097, 0.04847, -0.298497, -0.0581812, 0.0391518, 0.170199, -0.11745, 0.00196516, -0.274207, -0.363471, 0.0609787, 0.0662022, -0.0233227, 0.353564, 0.217326)

[sub_resource type="GDScript" id="GDScript_2fkm2"]
script/source = "extends Skeleton3D


# Called when the node enters the scene tree for the first time.
func _ready() -> void:
	physical_bones_start_simulation()

# Called every frame. 'delta' is the elapsed time since the previous frame.
func _process(delta: float) -> void:
	pass
"

[sub_resource type="SphereShape3D" id="SphereShape3D_emud3"]
radius = 0.272273

[node name="godot_plush" instance=ExtResource("1_ugwsr")]
mass = 2.0
physics_material_override = SubResource("PhysicsMaterial_35m1x")
BUOYANCY = 1.0

[node name="InteractableComponent" type="Node" parent="." index="0"]
script = ExtResource("2_fy3vv")

[node name="CollisionShape3D" type="CollisionShape3D" parent="." index="1"]
shape = SubResource("ConvexPolygonShape3D_pcoww")

[node name="Skeleton3D" parent="Armature" index="0"]
bones/0/rotation = Quaternion(0.122183, 1.18316e-07, 1.45654e-08, 0.992508)
bones/2/rotation = Quaternion(-0.060337, 0.00105438, -0.00970186, 0.99813)
bones/3/scale = Vector3(1, 1, 1)
bones/4/rotation = Quaternion(0.102398, -0.00286156, -0.0623723, 0.992782)
bones/5/rotation = Quaternion(-0.0380941, 0.0104381, 0.895415, -0.443478)
bones/5/scale = Vector3(1, 1, 1)
bones/6/rotation = Quaternion(-0.059112, 0.158687, -0.0155067, 0.985436)
bones/6/scale = Vector3(1, 1, 1)
bones/7/scale = Vector3(1, 1, 1)
bones/8/rotation = Quaternion(0.118713, 0.00286168, -0.0168206, 0.992782)
script = SubResource("GDScript_2fkm2")

[node name="JiggleboneLegR" type="Node3D" parent="Armature/Skeleton3D" index="0"]
transform = Transform3D(0.940317, 0.0487083, -0.336796, 0.338204, -0.0241042, 0.940764, 0.0377048, -0.998522, -0.039139, 0.151083, 0.0386455, -1.05102)
top_level = true
script = ExtResource("3_n520j")
bone_name = "leg.R"
stiffness = 0.4
damping = 0.6
forward_axis = 1
collision_shape = NodePath("../CollisionShape3D")

[node name="JiggleboneLegL" type="Node3D" parent="Armature/Skeleton3D" index="1"]
transform = Transform3D(0.940325, -0.0487085, -0.336773, 0.335968, -0.0241154, 0.941565, -0.0539836, -0.998522, -0.00631189, -0.153708, 0.038646, -1.05102)
top_level = true
script = ExtResource("3_n520j")
bone_name = "leg.L"
stiffness = 0.4
damping = 0.6
forward_axis = 1
collision_shape = NodePath("../CollisionShape3D")

[node name="JigglebonelFootR" type="Node3D" parent="Armature/Skeleton3D" index="2"]
transform = Transform3D(0.941434, -2.5332e-06, -0.337196, 0.329682, 0.209928, 0.920456, 0.0707844, -0.977717, 0.197634, 0.109375, 0.269028, -1.1738)
top_level = true
script = ExtResource("3_n520j")
bone_name = "foot.R"
stiffness = 0.4
damping = 0.6
forward_axis = 1
collision_shape = NodePath("../CollisionShape3D")

[node name="JiggleboneFootL" type="Node3D" parent="Armature/Skeleton3D" index="3"]
transform = Transform3D(0.941442, 2.38419e-06, -0.337173, 0.32966, 0.20993, 0.920464, 0.0707851, -0.977716, 0.197636, -0.112, 0.269029, -1.1738)
top_level = true
script = ExtResource("3_n520j")
bone_name = "foot.L"
stiffness = 0.4
damping = 0.6
forward_axis = 1
collision_shape = NodePath("../CollisionShape3D")

[node name="JiggleboneArmR" type="Node3D" parent="Armature/Skeleton3D" index="4"]
transform = Transform3D(-0.87987, 0.443376, -0.171015, -0.423009, -0.894723, -0.143297, -0.216545, -0.0537422, 0.974792, 0.175875, -0.825, 0.0314999)
top_level = true
script = ExtResource("3_n520j")
bone_name = "arm.R"
stiffness = 0.4
damping = 0.6
use_gravity = true
forward_axis = 1
collision_shape = NodePath("../CollisionShape3D")

[node name="JiggleboneArmL" type="Node3D" parent="Armature/Skeleton3D" index="5"]
transform = Transform3D(-0.894541, -0.443376, -0.0566916, 0.445484, -0.894723, -0.0318454, -0.0366038, -0.0537423, 0.997884, -0.1785, -0.825, 0.0315)
top_level = true
script = ExtResource("3_n520j")
bone_name = "arm.L"
stiffness = 0.4
damping = 0.6
use_gravity = true
forward_axis = 1
collision_shape = NodePath("../CollisionShape3D")

[node name="JiggleboneHandR" type="Node3D" parent="Armature/Skeleton3D" index="6"]
transform = Transform3D(-0.859874, 0.23257, -0.454454, -0.161511, -0.968409, -0.189995, -0.484285, -0.0899718, 0.870272, 0.24042, -0.955251, 0.0236763)
top_level = true
script = ExtResource("3_n520j")
bone_name = "hand.R"
stiffness = 0.4
damping = 0.6
use_gravity = true
forward_axis = 1
collision_shape = NodePath("../CollisionShape3D")

[node name="JiggleboneHandL" type="Node3D" parent="Armature/Skeleton3D" index="7"]
transform = Transform3D(-0.968599, -0.23257, -0.0878977, 0.238986, -0.968409, -0.0712013, -0.0685616, -0.0899718, 0.993582, -0.243045, -0.955251, 0.0236763)
top_level = true
script = ExtResource("3_n520j")
bone_name = "hand.L"
stiffness = 0.4
damping = 0.6
use_gravity = true
forward_axis = 1
collision_shape = NodePath("../CollisionShape3D")

[node name="CollisionShape3D" type="CollisionShape3D" parent="Armature/Skeleton3D" index="8"]
transform = Transform3D(1, 0, 0, 0, 1, 0, 0, 0, 1, 0, 0.222691, 0)
shape = SubResource("SphereShape3D_emud3")

[connection signal="interacted" from="InteractableComponent" to="." method="_on_interactable_component_interacted"]
